A=[1,2,3;4,5,6;7,8,9];

B=A(:)'
C=A(1:3,1:2)
D=A(1:2,1:3)
E(1:2:5,1:2:5)=A(1:3,1:3)
F(5:-2:1,5:-2:1)=A(1:3,1:3)





